#Layer_Color=16711935
#
#Feature symbol names
#
$0 r3.937
$1 r1

#
#Feature attribute names
#

#
#Layer features
#
L 0.3224409 2.2976378 0.3224409 2.6598426 0 P 0
L 0.3224409 2.2976378 1.6224409 2.2976378 0 P 0
L 0.3224409 2.6598426 1.6224409 2.6598426 0 P 0
L 0.6072835 2.1683071 0.6072835 2.2352362 0 P 0
L 0.6072835 2.1683071 0.644685 2.1683071 0 P 0
L 0.6072835 2.2352362 0.644685 2.2352362 0 P 0
L 0.644685 2.1683071 0.644685 2.2352362 0 P 0
L 0.7057086 2.1683071 0.7057086 2.2352362 0 P 0
L 0.7057086 2.1683071 0.7431101 2.1683071 0 P 0
L 0.7057086 2.2352362 0.7431101 2.2352362 0 P 0
L 0.7431101 2.1683071 0.7431101 2.2352362 0 P 0
L 0.8001969 0.5531497 0.8001969 0.6200788 0 P 0
L 0.8001969 0.5531497 0.8375984 0.5531497 0 P 0
L 0.8001969 0.6200788 0.8375984 0.6200788 0 P 0
L 0.8080708 2.1683071 0.8080708 2.2352362 0 P 0
L 0.8080708 2.1683071 0.8454723 2.1683071 0 P 0
L 0.8080708 2.2352362 0.8454723 2.2352362 0 P 0
L 0.8375984 0.5531497 0.8375984 0.6200788 0 P 0
L 0.8454723 2.1683071 0.8454723 2.2352362 0 P 0
L 1.0037401 2.1683071 1.0037401 2.2352362 0 P 0
L 1.0037401 2.1683071 1.0411416 2.1683071 0 P 0
L 1.0037401 2.2352362 1.0411416 2.2352362 0 P 0
L 1.0411416 2.1683071 1.0411416 2.2352362 0 P 0
L 1.1037401 2.1683071 1.1037401 2.2352362 0 P 0
L 1.1037401 2.1683071 1.1411416 2.1683071 0 P 0
L 1.1037401 2.2352362 1.1411416 2.2352362 0 P 0
L 1.1411416 2.1683071 1.1411416 2.2352362 0 P 0
L 1.3037402 2.1683072 1.3037402 2.2352363 0 P 0
L 1.3037402 2.1683072 1.3411417 2.1683072 0 P 0
L 1.3037402 2.2352363 1.3411417 2.2352363 0 P 0
L 1.3411417 2.1683072 1.3411417 2.2352363 0 P 0
L 1.4037402 2.1683072 1.4037402 2.2352363 0 P 0
L 1.4037402 2.1683072 1.4411417 2.1683072 0 P 0
L 1.4037402 2.2352363 1.4411417 2.2352363 0 P 0
L 1.4411417 2.1683072 1.4411417 2.2352363 0 P 0
L 1.6224409 2.2976378 1.6224409 2.6598426 0 P 0
L 1.8101395 1.6929482 1.8101395 1.7598773 0 P 0
L 1.8101395 1.6929482 1.847541 1.6929482 0 P 0
L 1.8101395 1.7598773 1.847541 1.7598773 0 P 0
L 1.847541 1.6929482 1.847541 1.7598773 0 P 0
L 1.9135253 1.6929482 1.9135253 1.7598773 0 P 0
L 1.9135253 1.6929482 1.9509268 1.6929482 0 P 0
L 1.9135253 1.7598773 1.9509268 1.7598773 0 P 0
L 1.9509268 1.6929482 1.9509268 1.7598773 0 P 0
L 1.9911977 2.4422204 1.9911977 2.5091495 0 P 0
L 1.9911977 2.4422204 2.0285992 2.4422204 0 P 0
L 1.9911977 2.5091495 2.0285992 2.5091495 0 P 0
L 2.014864 1.0976752 2.014864 1.1665729 0 P 0
L 2.014864 1.0976752 2.0522655 1.0976752 0 P 0
L 2.014864 1.1665729 2.0522655 1.1665729 0 P 0
L 2.014864 2.2805117 2.014864 2.3494094 0 P 0
L 2.014864 2.2805117 2.0522656 2.2805117 0 P 0
L 2.014864 2.3494094 2.0522656 2.3494094 0 P 0
L 2.0285992 2.4422204 2.0285992 2.5091495 0 P 0
L 2.0522655 1.0976752 2.0522655 1.1665729 0 P 0
L 2.0522656 2.2805117 2.0522656 2.3494094 0 P 0
L 2.0749381 2.4422204 2.0749381 2.5091495 0 P 0
L 2.0749381 2.4422204 2.1123396 2.4422204 0 P 0
L 2.0749381 2.5091495 2.1123396 2.5091495 0 P 0
L 2.1123396 2.4422204 2.1123396 2.5091495 0 P 0
L 2.1591641 2.3676441 2.1591641 2.4542583 0 P 0
L 2.1591641 2.3676441 2.2162507 2.3676441 0 P 0
L 2.1591641 2.4542583 2.2162507 2.4542583 0 P 0
L 2.2162507 2.3676441 2.2162507 2.4542583 0 P 0
L 2.2214568 0.9983362 2.2214568 1.0652653 0 P 0
L 2.2214568 0.9983362 2.2588583 0.9983362 0 P 0
L 2.2214568 1.0652653 2.2588583 1.0652653 0 P 0
L 2.2588583 0.9983362 2.2588583 1.0652653 0 P 0
L 2.2709695 2.1411251 2.2709695 2.1785267 0 P 0
L 2.2709695 2.1411251 2.3398672 2.1411251 0 P 0
L 2.2709695 2.1785267 2.3398672 2.1785267 0 P 0
L 2.2874016 1.8537402 2.2874016 1.8931103 0 P 0
L 2.2874016 1.8537402 2.3582677 1.8537402 0 P 0
L 2.2874016 1.8931103 2.3582677 1.8931103 0 P 0
L 2.2883857 1.7864173 2.2883857 1.8238188 0 P 0
L 2.2883857 1.7864173 2.3572834 1.7864173 0 P 0
L 2.2883857 1.8238188 2.3572834 1.8238188 0 P 0
L 2.3398672 2.1411251 2.3398672 2.1785267 0 P 0
L 2.3572834 1.7864173 2.3572834 1.8238188 0 P 0
L 2.3582677 1.8537402 2.3582677 1.8931103 0 P 0
L 2.7214567 0.9775965 2.7214567 1.014998 0 P 0
L 2.7214567 0.9775965 2.7903544 0.9775965 0 P 0
L 2.7214567 1.014998 2.7903544 1.014998 0 P 0
L 2.7379921 1.8102738 2.7379921 1.8476753 0 P 0
L 2.7379921 1.8102738 2.8068898 1.8102738 0 P 0
L 2.7379921 1.8476753 2.8068898 1.8476753 0 P 0
L 2.7627953 2.3229692 2.7627953 2.4095834 0 P 0
L 2.7627953 2.3229692 2.8198819 2.3229692 0 P 0
L 2.7627953 2.4095834 2.8198819 2.4095834 0 P 0
L 2.7903544 0.9775965 2.7903544 1.014998 0 P 0
L 2.8068898 1.8102738 2.8068898 1.8476753 0 P 0
L 2.8198819 2.3229692 2.8198819 2.4095834 0 P 0
L 2.8877953 2.315748 2.8877953 2.3358267 1 P 0
L 2.8877953 2.315748 2.9114174 2.315748 1 P 0
L 2.8877953 2.3358267 2.9114174 2.3358267 1 P 0
L 2.8877953 2.3964567 2.8877953 2.4165354 1 P 0
L 2.8877953 2.3964567 2.9114174 2.3964567 1 P 0
L 2.8877953 2.4165354 2.9114174 2.4165354 1 P 0
L 2.9114174 2.3090551 2.9114174 2.4232283 1 P 0
L 2.9114174 2.3090551 2.9625984 2.3090551 1 P 0
L 2.9114174 2.315748 2.9114174 2.3358267 1 P 0
L 2.9114174 2.3964567 2.9114174 2.4165354 1 P 0
L 2.9114174 2.4232283 2.9625984 2.4232283 1 P 0
L 2.9625984 2.3090551 2.9625984 2.4232283 1 P 0
L 2.9625984 2.3561023 2.9625984 2.3761811 1 P 0
L 2.9625984 2.3561023 2.9862205 2.3561023 1 P 0
L 2.9625984 2.3761811 2.9862205 2.3761811 1 P 0
L 2.9777561 1.2105463 2.9777561 1.2774754 0 P 0
L 2.9777561 1.2105463 3.0151576 1.2105463 0 P 0
L 2.9777561 1.2774754 3.0151576 1.2774754 0 P 0
L 2.9862205 2.3561023 2.9862205 2.3761811 1 P 0
L 3.0072836 1.3919666 3.0072836 1.4588957 0 P 0
L 3.0072836 1.3919666 3.0446851 1.3919666 0 P 0
L 3.0072836 1.4588957 3.0446851 1.4588957 0 P 0
L 3.0151576 1.2105463 3.0151576 1.2774754 0 P 0
L 3.0364172 1.5806712 3.0364172 1.6180727 0 P 0
L 3.0364172 1.5806712 3.1053149 1.5806712 0 P 0
L 3.0364172 1.6180727 3.1053149 1.6180727 0 P 0
L 3.0364173 1.6468877 3.0364173 1.6842892 0 P 0
L 3.0364173 1.6468877 3.105315 1.6468877 0 P 0
L 3.0364173 1.6842892 3.105315 1.6842892 0 P 0
L 3.0446851 1.3919666 3.0446851 1.4588957 0 P 0
L 3.0780866 1.2038633 3.0780866 1.272761 0 P 0
L 3.0780866 1.2038633 3.1154881 1.2038633 0 P 0
L 3.0780866 1.272761 3.1154881 1.272761 0 P 0
L 3.1005926 1.5211243 3.1005926 1.5585258 0 P 0
L 3.1005926 1.5211243 3.1694903 1.5211243 0 P 0
L 3.1005926 1.5585258 3.1694903 1.5585258 0 P 0
L 3.1053149 1.5806712 3.1053149 1.6180727 0 P 0
L 3.105315 1.6468877 3.105315 1.6842892 0 P 0
L 3.1154881 1.2038633 3.1154881 1.272761 0 P 0
L 3.128937 2.3142634 3.128937 2.4008776 0 P 0
L 3.128937 2.3142634 3.1860236 2.3142634 0 P 0
L 3.128937 2.4008776 3.1860236 2.4008776 0 P 0
L 3.1387797 2.4760709 3.1387797 2.543 0 P 0
L 3.1387797 2.4760709 3.1761812 2.4760709 0 P 0
L 3.1387797 2.543 3.1761812 2.543 0 P 0
L 3.1694903 1.5211243 3.1694903 1.5585258 0 P 0
L 3.1761812 2.4760709 3.1761812 2.543 0 P 0
L 3.1860236 2.3142634 3.1860236 2.4008776 0 P 0
L 3.193244 1.2035451 3.193244 1.2724428 0 P 0
L 3.193244 1.2035451 3.2306455 1.2035451 0 P 0
L 3.193244 1.2724428 3.2306455 1.2724428 0 P 0
L 3.2239157 1.3894076 3.2239157 1.4583053 0 P 0
L 3.2239157 1.3894076 3.2613172 1.3894076 0 P 0
L 3.2239157 1.4583053 3.2613172 1.4583053 0 P 0
L 3.2306455 1.2035451 3.2306455 1.2724428 0 P 0
L 3.2613172 1.3894076 3.2613172 1.4583053 0 P 0
L 3.3782675 1.906496 3.3782675 1.9635826 0 P 0
L 3.3782675 1.906496 3.4648817 1.906496 0 P 0
L 3.3782675 1.9635826 3.4648817 1.9635826 0 P 0
L 3.4648817 1.906496 3.4648817 1.9635826 0 P 0
L 3.5233879 0.8291209 3.5233879 0.8665224 0 P 0
L 3.5233879 0.8291209 3.5922856 0.8291209 0 P 0
L 3.5233879 0.8665224 3.5922856 0.8665224 0 P 0
L 3.5243724 0.597725 3.5243724 0.6351265 0 P 0
L 3.5243724 0.597725 3.5913015 0.597725 0 P 0
L 3.5243724 0.6351265 3.5913015 0.6351265 0 P 0
L 3.5913015 0.597725 3.5913015 0.6351265 0 P 0
L 3.5922856 0.8291209 3.5922856 0.8665224 0 P 0
L 3.6742212 0.7010714 3.6742212 0.7699691 0 P 0
L 3.6742212 0.7010714 3.7116227 0.7010714 0 P 0
L 3.6742212 0.7699691 3.7116227 0.7699691 0 P 0
L 3.6752473 0.5200424 3.6752473 0.5574439 0 P 0
L 3.6752473 0.5200424 3.744145 0.5200424 0 P 0
L 3.6752473 0.5574439 3.744145 0.5574439 0 P 0
L 3.6762315 0.5874621 3.6762315 0.6248636 0 P 0
L 3.6762315 0.5874621 3.7431606 0.5874621 0 P 0
L 3.6762315 0.6248636 3.7431606 0.6248636 0 P 0
L 3.7116227 0.7010714 3.7116227 0.7699691 0 P 0
L 3.7431606 0.5874621 3.7431606 0.6248636 0 P 0
L 3.744145 0.5200424 3.744145 0.5574439 0 P 0
L 3.7962598 0.3759842 3.7962598 0.4429133 0 P 0
L 3.7962598 0.3759842 3.8336613 0.3759842 0 P 0
L 3.7962598 0.4429133 3.8336613 0.4429133 0 P 0
L 3.8336613 0.3759842 3.8336613 0.4429133 0 P 0
L 3.8622501 0.3749507 3.8622501 0.4418798 0 P 0
L 3.8622501 0.3749507 3.8996516 0.3749507 0 P 0
L 3.8622501 0.4418798 3.8996516 0.4418798 0 P 0
L 3.8971691 1.0903176 3.8971691 1.1572467 0 P 0
L 3.8971691 1.0903176 3.9345706 1.0903176 0 P 0
L 3.8971691 1.1572467 3.9345706 1.1572467 0 P 0
L 3.8996516 0.3749507 3.8996516 0.4418798 0 P 0
L 3.9345706 1.0903176 3.9345706 1.1572467 0 P 0
L 3.990871 1.3430986 3.990871 1.3805001 0 P 0
L 3.990871 1.3430986 4.0578001 1.3430986 0 P 0
L 3.990871 1.3805001 4.0578001 1.3805001 0 P 0
L 3.9926477 0.9434741 3.9926477 1.0104032 0 P 0
L 3.9926477 0.9434741 4.0300492 0.9434741 0 P 0
L 3.9926477 1.0104032 4.0300492 1.0104032 0 P 0
L 3.9926477 1.091112 3.9926477 1.1580411 0 P 0
L 3.9926477 1.091112 4.0300492 1.091112 0 P 0
L 3.9926477 1.1580411 4.0300492 1.1580411 0 P 0
L 4.0300492 0.9434741 4.0300492 1.0104032 0 P 0
L 4.0300492 1.091112 4.0300492 1.1580411 0 P 0
L 4.0403543 2.5147636 4.0403543 2.6013778 0 P 0
L 4.0403543 2.5147636 4.0974409 2.5147636 0 P 0
L 4.0403543 2.6013778 4.0974409 2.6013778 0 P 0
L 4.0578001 1.3430986 4.0578001 1.3805001 0 P 0
L 4.0888464 0.2993729 4.0888464 0.366302 0 P 0
L 4.0888464 0.2993729 4.1262479 0.2993729 0 P 0
L 4.0888464 0.366302 4.1262479 0.366302 0 P 0
L 4.0974409 2.5147636 4.0974409 2.6013778 0 P 0
L 4.1063327 1.0909453 4.1063327 1.1578744 0 P 0
L 4.1063327 1.0909453 4.1437342 1.0909453 0 P 0
L 4.1063327 1.1578744 4.1437342 1.1578744 0 P 0
L 4.1084525 0.9434741 4.1084525 1.0104032 0 P 0
L 4.1084525 0.9434741 4.145854 0.9434741 0 P 0
L 4.1084525 1.0104032 4.145854 1.0104032 0 P 0
L 4.1167323 2.4045275 4.1167323 2.4753937 0 P 0
L 4.1167323 2.4045275 4.2285433 2.4045275 0 P 0
L 4.1167323 2.4753937 4.2285433 2.4753937 0 P 0
L 4.1262479 0.2993729 4.1262479 0.366302 0 P 0
L 4.1437342 1.0909453 4.1437342 1.1578744 0 P 0
L 4.145854 0.9434741 4.145854 1.0104032 0 P 0
L 4.1929133 2.4990156 4.1929133 2.6171258 0 P 0
L 4.1929133 2.4990156 4.2598425 2.4990156 0 P 0
L 4.1929133 2.6171258 4.2598425 2.6171258 0 P 0
L 4.2285433 2.4045275 4.2285433 2.4753937 0 P 0
L 4.2598425 2.4990156 4.2598425 2.6171258 0 P 0
L 4.3484251 2.4501967 4.3484251 2.4895668 0 P 0
L 4.3484251 2.4501967 4.4192912 2.4501967 0 P 0
L 4.3484251 2.4895668 4.4192912 2.4895668 0 P 0
L 4.3484252 2.5757872 4.3484252 2.6151573 0 P 0
L 4.3484252 2.5757872 4.4192913 2.5757872 0 P 0
L 4.3484252 2.6151573 4.4192913 2.6151573 0 P 0
L 4.3484253 2.5137794 4.3484253 2.5531495 0 P 0
L 4.3484253 2.5137794 4.4192914 2.5137794 0 P 0
L 4.3484253 2.5531495 4.4192914 2.5531495 0 P 0
L 4.4192912 2.4501967 4.4192912 2.4895668 0 P 0
L 4.4192913 2.5757872 4.4192913 2.6151573 0 P 0
L 4.4192914 2.5137794 4.4192914 2.5531495 0 P 0
L 4.4725433 0.5070958 4.4725433 0.5444973 0 P 0
L 4.4725433 0.5070958 4.5394724 0.5070958 0 P 0
L 4.4725433 0.5444973 4.5394724 0.5444973 0 P 0
L 4.5394724 0.5070958 4.5394724 0.5444973 0 P 0
L 4.616244 0.5070958 4.616244 0.5444973 0 P 0
L 4.616244 0.5070958 4.6831731 0.5070958 0 P 0
L 4.616244 0.5444973 4.6831731 0.5444973 0 P 0
L 4.616244 0.6071029 4.616244 0.6445044 0 P 0
L 4.616244 0.6071029 4.6831731 0.6071029 0 P 0
L 4.616244 0.6445044 4.6831731 0.6445044 0 P 0
L 4.616244 0.7070958 4.616244 0.7444973 0 P 0
L 4.616244 0.7070958 4.6831731 0.7070958 0 P 0
L 4.616244 0.7444973 4.6831731 0.7444973 0 P 0
L 4.6338583 2.1968504 4.6338583 2.2677165 0 P 0
L 4.6338583 2.1968504 4.6732284 2.1968504 0 P 0
L 4.6338583 2.2677165 4.6732284 2.2677165 0 P 0
L 4.6616859 0.226364 4.6616859 0.2932931 0 P 0
L 4.6616859 0.226364 4.6990874 0.226364 0 P 0
L 4.6616859 0.2932931 4.6990874 0.2932931 0 P 0
L 4.6732284 2.1968504 4.6732284 2.2677165 0 P 0
L 4.6831731 0.5070958 4.6831731 0.5444973 0 P 0
L 4.6831731 0.6071029 4.6831731 0.6445044 0 P 0
L 4.6831731 0.7070958 4.6831731 0.7444973 0 P 0
L 4.6990874 0.226364 4.6990874 0.2932931 0 P 0
L 4.7007875 2.1968504 4.7007875 2.2677165 0 P 0
L 4.7007875 2.1968504 4.7401576 2.1968504 0 P 0
L 4.7007875 2.2677165 4.7401576 2.2677165 0 P 0
L 4.7401576 2.1968504 4.7401576 2.2677165 0 P 0
L 4.7436194 0.2263641 4.7436194 0.2932932 0 P 0
L 4.7436194 0.2263641 4.7810209 0.2263641 0 P 0
L 4.7436194 0.2932932 4.7810209 0.2932932 0 P 0
L 4.7657481 2.1968504 4.7657481 2.2677165 0 P 0
L 4.7657481 2.1968504 4.8051182 2.1968504 0 P 0
L 4.7657481 2.2677165 4.8051182 2.2677165 0 P 0
L 4.7810209 0.2263641 4.7810209 0.2932932 0 P 0
L 4.8051182 2.1968504 4.8051182 2.2677165 0 P 0
L 4.8307087 2.1968504 4.8307087 2.2677165 0 P 0
L 4.8307087 2.1968504 4.8700788 2.1968504 0 P 0
L 4.8307087 2.2677165 4.8700788 2.2677165 0 P 0
L 4.8700788 2.1968504 4.8700788 2.2677165 0 P 0
L 4.9084647 2.1964858 4.9084647 2.2673519 0 P 0
L 4.9084647 2.1964858 4.9616143 2.1964858 0 P 0
L 4.9084647 2.2673519 4.9616143 2.2673519 0 P 0
L 4.9379921 0.398622 4.9379921 0.4360235 0 P 0
L 4.9379921 0.398622 5.0068898 0.398622 0 P 0
L 4.9379921 0.4360235 5.0068898 0.4360235 0 P 0
L 4.9616143 2.1964858 4.9616143 2.2673519 0 P 0
L 4.9872048 2.1964859 4.9872048 2.267352 0 P 0
L 4.9872048 2.1964859 5.0403544 2.1964859 0 P 0
L 4.9872048 2.267352 5.0403544 2.267352 0 P 0
L 5.0068898 0.398622 5.0068898 0.4360235 0 P 0
L 5.0403544 2.1964859 5.0403544 2.267352 0 P 0
L 5.0728348 2.1964858 5.0728348 2.2673519 0 P 0
L 5.0728348 2.1964858 5.1122049 2.1964858 0 P 0
L 5.0728348 2.2673519 5.1122049 2.2673519 0 P 0
L 5.1122049 2.1964858 5.1122049 2.2673519 0 P 0
L 5.1437008 2.189596 5.1437008 2.2742417 0 P 0
L 5.1437008 2.189596 5.1988189 2.189596 0 P 0
L 5.1437008 2.2742417 5.1988189 2.2742417 0 P 0
L 5.1988189 2.189596 5.1988189 2.2742417 0 P 0
L 5.2303151 2.1964858 5.2303151 2.2673519 0 P 0
L 5.2303151 2.1964858 5.2696852 2.1964858 0 P 0
L 5.2303151 2.2673519 5.2696852 2.2673519 0 P 0
L 5.2696852 2.1964858 5.2696852 2.2673519 0 P 0
